2 0.0005 5
0.904697 0.914199 0.909526 

2 0.0005 7
0.904697 0.913752 0.90893 

2 0.0005 10
0.904697 0.913969 0.910038 

2 0.0005 13
0.904697 0.914012 0.910522 

2 0.001 5
0.904697 0.914199 0.909526 

2 0.001 7
0.904697 0.913752 0.90893 

2 0.001 10
0.904697 0.913809 0.909366 

2 0.001 13
0.904697 0.913562 0.909604 

2 0.01 5
0.904697 0.914206 0.909045 

2 0.01 7
0.904697 0.914077 0.908148 

2 0.01 10
0.904697 0.914122 0.909452 

2 0.01 13
0.904697 0.914359 0.908054 

2 0.05 5
0.904697 0.912532 0.90479 

2 0.05 7
0.904697 0.912652 0.904664 

2 0.05 10
0.904697 0.912411 0.904756 

2 0.05 13
0.904697 0.911919 0.905022 

3 0.0005 5
0.904697 0.914129 0.909485 

3 0.0005 7
0.904697 0.913661 0.909038 

3 0.0005 10
0.904697 0.915131 0.910268 

3 0.0005 13
0.904697 0.914033 0.909695 

3 0.001 5
0.904697 0.914129 0.909485 

3 0.001 7
0.904697 0.913661 0.909038 

3 0.001 10
0.904697 0.914964 0.9094 

3 0.001 13
0.904697 0.913504 0.909278 

3 0.01 5
0.904697 0.914149 0.908968 

3 0.01 7
0.904697 0.914079 0.90828 

3 0.01 10
0.904697 0.914193 0.909641 

3 0.01 13
0.904697 0.914294 0.908267 

3 0.05 5
0.904697 0.91247 0.904863 

3 0.05 7
0.904697 0.91259 0.904715 

3 0.05 10
0.904697 0.912368 0.904868 

3 0.05 13
0.904697 0.911858 0.904818 

5 0.0005 5
0.904697 0.914057 0.910065 

5 0.0005 7
0.904697 0.91364 0.90975 

5 0.0005 10
0.904697 0.914782 0.911269 

5 0.0005 13
0.904697 0.913722 0.911249 

5 0.001 5
0.904697 0.914057 0.910065 

5 0.001 7
0.904697 0.91364 0.90975 

5 0.001 10
0.904697 0.914608 0.911072 

5 0.001 13
0.904697 0.91317 0.911252 

5 0.01 5
0.904697 0.914455 0.909583 

5 0.01 7
0.904697 0.913813 0.908931 

5 0.01 10
0.904697 0.913899 0.910143 

5 0.01 13
0.904697 0.913921 0.909181 

5 0.05 5
0.904697 0.91247 0.904863 

5 0.05 7
0.904697 0.91259 0.904715 

5 0.05 10
0.904697 0.912368 0.904868 

5 0.05 13
0.904697 0.911858 0.904818 

7 0.0005 5
0.904697 0.913795 0.909813 

7 0.0005 7
0.904697 0.914989 0.909733 

7 0.0005 10
0.904697 0.914056 0.910643 

7 0.0005 13
0.904697 0.911926 0.910287 

7 0.001 5
0.904697 0.913795 0.909813 

7 0.001 7
0.904697 0.914989 0.909733 

7 0.001 10
0.904697 0.913882 0.910561 

7 0.001 13
0.904697 0.911362 0.910427 

7 0.01 5
0.904697 0.914098 0.909139 

7 0.01 7
0.904697 0.913723 0.908563 

7 0.01 10
0.904697 0.913676 0.909754 

7 0.01 13
0.904697 0.912442 0.908673 

7 0.05 5
0.904697 0.91247 0.904863 

7 0.05 7
0.904697 0.91259 0.904715 

7 0.05 10
0.904697 0.912368 0.904868 

7 0.05 13
0.904697 0.911858 0.904818 

2 0.0005 5
0.893142 0.909691 0.905277 

2 0.0005 7
0.893142 0.909599 0.904824 

2 0.0005 10
0.893142 0.908985 0.903688 

2 0.0005 13
0.893142 0.90848 0.903404 

2 0.001 5
0.893142 0.909691 0.905277 

2 0.001 7
0.893142 0.909599 0.904824 

2 0.001 10
0.893142 0.908921 0.903648 

2 0.001 13
0.893142 0.908449 0.903277 

2 0.01 5
0.893142 0.909691 0.905277 

2 0.01 7
0.893142 0.909599 0.904824 

2 0.01 10
0.893142 0.909176 0.904379 

2 0.01 13
0.893142 0.908159 0.903682 

2 0.05 5
0.893142 0.906117 0.905029 

2 0.05 7
0.893142 0.906273 0.904802 

2 0.05 10
0.893142 0.906339 0.904593 

2 0.05 13
0.893142 0.905149 0.904538 

3 0.0005 5
0.893142 0.909211 0.905352 

3 0.0005 7
0.893142 0.909112 0.904911 

3 0.0005 10
0.893142 0.908638 0.903742 

3 0.0005 13
0.893142 0.906242 0.903482 

3 0.001 5
0.893142 0.909211 0.905352 

3 0.001 7
0.893142 0.909112 0.904911 

3 0.001 10
0.893142 0.908579 0.903691 

3 0.001 13
0.893142 0.906217 0.90337 

3 0.01 5
0.893142 0.909211 0.905352 

3 0.01 7
0.893142 0.909112 0.904911 

3 0.01 10
0.893142 0.90858 0.904573 

3 0.01 13
0.893142 0.90685 0.904052 

3 0.05 5
0.893142 0.906117 0.905029 

3 0.05 7
0.893142 0.906273 0.904802 

3 0.05 10
0.893142 0.906339 0.904593 

3 0.05 13
0.893142 0.905149 0.904538 

5 0.0005 5
0.893142 0.908556 0.903764 

5 0.0005 7
0.893142 0.908854 0.904253 

5 0.0005 10
0.893142 0.908152 0.903041 

5 0.0005 13
0.893142 0.907581 0.902554 

5 0.001 5
0.893142 0.908556 0.903764 

5 0.001 7
0.893142 0.908854 0.904253 

5 0.001 10
0.893142 0.908093 0.902932 

5 0.001 13
0.893142 0.907557 0.902368 

5 0.01 5
0.893142 0.908556 0.903764 

5 0.01 7
0.893142 0.908854 0.904253 

5 0.01 10
0.893142 0.908062 0.903964 

5 0.01 13
0.893142 0.907033 0.90324 

5 0.05 5
0.893142 0.907888 0.904453 

5 0.05 7
0.893142 0.90799 0.903097 

5 0.05 10
0.893142 0.908096 0.903477 

5 0.05 13
0.893142 0.906721 0.902659 

7 0.0005 5
0.893142 0.909091 0.903258 

7 0.0005 7
0.893142 0.908811 0.903988 

7 0.0005 10
0.893142 0.908874 0.902978 

7 0.0005 13
0.893142 0.908165 0.902543 

7 0.001 5
0.893142 0.909091 0.903258 

7 0.001 7
0.893142 0.908811 0.903988 

7 0.001 10
0.893142 0.908812 0.90286 

7 0.001 13
0.893142 0.908141 0.902378 

7 0.01 5
0.893142 0.909091 0.903258 

7 0.01 7
0.893142 0.908811 0.903988 

7 0.01 10
0.893142 0.908546 0.903881 

7 0.01 13
0.893142 0.907599 0.902911 

7 0.05 5
0.893142 0.90787 0.904518 

7 0.05 7
0.893142 0.907949 0.903103 

7 0.05 10
0.893142 0.908059 0.903464 

7 0.05 13
0.893142 0.906681 0.902536 

2 0.0005 5
0.893183 0.896992 0.89503 

2 0.0005 7
0.893183 0.895658 0.89473 

2 0.0005 10
0.893183 0.897233 0.894804 

2 0.0005 13
0.893183 0.896567 0.894906 

2 0.001 5
0.893183 0.896992 0.89503 

2 0.001 7
0.893183 0.895658 0.89473 

2 0.001 10
0.893183 0.897244 0.894726 

2 0.001 13
0.893183 0.896568 0.894928 

2 0.01 5
0.893183 0.896992 0.89503 

2 0.01 7
0.893183 0.896593 0.894754 

2 0.01 10
0.893183 0.896449 0.894718 

2 0.01 13
0.893183 0.895963 0.894618 

2 0.05 5
0.893183 0.895259 0.895344 

2 0.05 7
0.893183 0.895462 0.895053 

2 0.05 10
0.893183 0.895518 0.894818 

2 0.05 13
0.893183 0.896434 0.8951 

3 0.0005 5
0.893183 0.896857 0.894905 

3 0.0005 7
0.893183 0.896841 0.894607 

3 0.0005 10
0.893183 0.897329 0.894771 

3 0.0005 13
0.893183 0.896937 0.89473 

3 0.001 5
0.893183 0.896857 0.894905 

3 0.001 7
0.893183 0.896841 0.894607 

3 0.001 10
0.893183 0.897347 0.89469 

3 0.001 13
0.893183 0.896945 0.894845 

3 0.01 5
0.893183 0.896857 0.894905 

3 0.01 7
0.893183 0.897282 0.894629 

3 0.01 10
0.893183 0.89746 0.894721 

3 0.01 13
0.893183 0.897083 0.894618 

3 0.05 5
0.893183 0.895259 0.895344 

3 0.05 7
0.893183 0.895462 0.895053 

3 0.05 10
0.893183 0.895518 0.894818 

3 0.05 13
0.893183 0.896434 0.8951 

5 0.0005 5
0.893183 0.896274 0.89479 

5 0.0005 7
0.893183 0.895051 0.894673 

5 0.0005 10
0.893183 0.89626 0.894543 

5 0.0005 13
0.893183 0.896611 0.894532 

5 0.001 5
0.893183 0.896274 0.89479 

5 0.001 7
0.893183 0.895051 0.894673 

5 0.001 10
0.893183 0.896276 0.894443 

5 0.001 13
0.893183 0.896611 0.894866 

5 0.01 5
0.893183 0.896274 0.89479 

5 0.01 7
0.893183 0.896546 0.89462 

5 0.01 10
0.893183 0.896483 0.894686 

5 0.01 13
0.893183 0.89681 0.894173 

5 0.05 5
0.893183 0.895259 0.895344 

5 0.05 7
0.893183 0.895462 0.895053 

5 0.05 10
0.893183 0.895518 0.894818 

5 0.05 13
0.893183 0.896434 0.8951 

7 0.0005 5
0.893183 0.898136 0.894296 

7 0.0005 7
0.893183 0.899451 0.894261 

7 0.0005 10
0.893183 0.896203 0.894346 

7 0.0005 13
0.893183 0.897444 0.893621 

7 0.001 5
0.893183 0.898136 0.894296 

7 0.001 7
0.893183 0.899451 0.894261 

7 0.001 10
0.893183 0.896225 0.894257 

7 0.001 13
0.893183 0.897445 0.89435 

7 0.01 5
0.893183 0.898136 0.894296 

7 0.01 7
0.893183 0.898887 0.894197 

7 0.01 10
0.893183 0.896397 0.894252 

7 0.01 13
0.893183 0.897387 0.893387 

7 0.05 5
0.893183 0.896653 0.89532 

7 0.05 7
0.893183 0.8968 0.894979 

7 0.05 10
0.893183 0.895191 0.894763 

7 0.05 13
0.893183 0.896127 0.894482 

2 0.0005 5
0.876956 0.88118 0.879838 

2 0.0005 7
0.876956 0.881039 0.87963 

2 0.0005 10
0.876956 0.881015 0.88 

2 0.0005 13
0.876956 0.880119 0.879731 

2 0.001 5
0.876956 0.88118 0.879838 

2 0.001 7
0.876956 0.881039 0.87963 

2 0.001 10
0.876956 0.88102 0.880027 

2 0.001 13
0.876956 0.880109 0.879816 

2 0.01 5
0.876956 0.88118 0.879838 

2 0.01 7
0.876956 0.88104 0.879671 

2 0.01 10
0.876956 0.881108 0.879784 

2 0.01 13
0.876956 0.880236 0.879525 

2 0.05 5
0.876956 0.880966 0.879298 

2 0.05 7
0.876956 0.880919 0.879465 

2 0.05 10
0.876956 0.88121 0.879625 

2 0.05 13
0.876956 0.880435 0.879558 

3 0.0005 5
0.876956 0.881723 0.879942 

3 0.0005 7
0.876956 0.881845 0.879694 

3 0.0005 10
0.876956 0.881431 0.880033 

3 0.0005 13
0.876956 0.880485 0.879807 

3 0.001 5
0.876956 0.881723 0.879942 

3 0.001 7
0.876956 0.881845 0.879694 

3 0.001 10
0.876956 0.881435 0.88007 

3 0.001 13
0.876956 0.880476 0.879909 

3 0.01 5
0.876956 0.881723 0.879942 

3 0.01 7
0.876956 0.881894 0.879749 

3 0.01 10
0.876956 0.881802 0.87982 

3 0.01 13
0.876956 0.880379 0.879542 

3 0.05 5
0.876956 0.881131 0.879516 

3 0.05 7
0.876956 0.881076 0.879838 

3 0.05 10
0.876956 0.881232 0.880095 

3 0.05 13
0.876956 0.880435 0.879558 

5 0.0005 5
0.876956 0.881573 0.879846 

5 0.0005 7
0.876956 0.881644 0.879628 

5 0.0005 10
0.876956 0.882254 0.880012 

5 0.0005 13
0.876956 0.880469 0.879718 

5 0.001 5
0.876956 0.881573 0.879846 

5 0.001 7
0.876956 0.881644 0.879628 

5 0.001 10
0.876956 0.882259 0.880044 

5 0.001 13
0.876956 0.880456 0.879777 

5 0.01 5
0.876956 0.881573 0.879846 

5 0.01 7
0.876956 0.881246 0.879609 

5 0.01 10
0.876956 0.882175 0.879783 

5 0.01 13
0.876956 0.880027 0.879392 

5 0.05 5
0.876956 0.880583 0.879611 

5 0.05 7
0.876956 0.880503 0.879416 

5 0.05 10
0.876956 0.880549 0.879583 

5 0.05 13
0.876956 0.880064 0.878943 

7 0.0005 5
0.876956 0.88058 0.879695 

7 0.0005 7
0.876956 0.882754 0.87927 

7 0.0005 10
0.876956 0.882052 0.879269 

7 0.0005 13
0.876956 0.880322 0.878928 

7 0.001 5
0.876956 0.88058 0.879695 

7 0.001 7
0.876956 0.882754 0.87927 

7 0.001 10
0.876956 0.882047 0.879203 

7 0.001 13
0.876956 0.880313 0.879008 

7 0.01 5
0.876956 0.88058 0.879695 

7 0.01 7
0.876956 0.880289 0.879311 

7 0.01 10
0.876956 0.88314 0.879578 

7 0.01 13
0.876956 0.879965 0.879325 

7 0.05 5
0.876956 0.876986 0.879156 

7 0.05 7
0.876956 0.876915 0.879036 

7 0.05 10
0.876956 0.876606 0.87887 

7 0.05 13
0.876956 0.875283 0.878057 

2 0.0005 5
0.89946 0.924381 0.911563 

2 0.0005 7
0.89946 0.924428 0.910165 

2 0.0005 10
0.89946 0.924284 0.911275 

2 0.0005 13
0.89946 0.923884 0.911164 

2 0.001 5
0.89946 0.924381 0.911563 

2 0.001 7
0.89946 0.924428 0.910165 

2 0.001 10
0.89946 0.924281 0.910865 

2 0.001 13
0.89946 0.923934 0.911067 

2 0.01 5
0.89946 0.924381 0.911563 

2 0.01 7
0.89946 0.924428 0.910165 

2 0.01 10
0.89946 0.9239 0.910235 

2 0.01 13
0.89946 0.923719 0.910738 

2 0.05 5
0.89946 0.922636 0.913713 

2 0.05 7
0.89946 0.922616 0.914732 

2 0.05 10
0.89946 0.922561 0.915251 

2 0.05 13
0.89946 0.922453 0.914789 

3 0.0005 5
0.89946 0.924409 0.91128 

3 0.0005 7
0.89946 0.924229 0.909751 

3 0.0005 10
0.89946 0.924345 0.911097 

3 0.0005 13
0.89946 0.924106 0.911235 

3 0.001 5
0.89946 0.924409 0.91128 

3 0.001 7
0.89946 0.924229 0.909751 

3 0.001 10
0.89946 0.924336 0.910598 

3 0.001 13
0.89946 0.924149 0.910959 

3 0.01 5
0.89946 0.924409 0.91128 

3 0.01 7
0.89946 0.924229 0.909751 

3 0.01 10
0.89946 0.923794 0.910136 

3 0.01 13
0.89946 0.923622 0.9108 

3 0.05 5
0.89946 0.922636 0.913713 

3 0.05 7
0.89946 0.922616 0.914732 

3 0.05 10
0.89946 0.922561 0.915251 

3 0.05 13
0.89946 0.922453 0.914789 

5 0.0005 5
0.89946 0.924106 0.909225 

5 0.0005 7
0.89946 0.923928 0.907497 

5 0.0005 10
0.89946 0.923977 0.909005 

5 0.0005 13
0.89946 0.923945 0.909092 

5 0.001 5
0.89946 0.924106 0.909225 

5 0.001 7
0.89946 0.923928 0.907497 

5 0.001 10
0.89946 0.923967 0.908282 

5 0.001 13
0.89946 0.923987 0.908568 

5 0.01 5
0.89946 0.924106 0.909225 

5 0.01 7
0.89946 0.923928 0.907497 

5 0.01 10
0.89946 0.924138 0.908051 

5 0.01 13
0.89946 0.924002 0.907159 

5 0.05 5
0.89946 0.922961 0.91223 

5 0.05 7
0.89946 0.922938 0.912835 

5 0.05 10
0.89946 0.922794 0.912305 

5 0.05 13
0.89946 0.922762 0.911269 

7 0.0005 5
0.89946 0.923535 0.908749 

7 0.0005 7
0.89946 0.924044 0.907693 

7 0.0005 10
0.89946 0.923916 0.907709 

7 0.0005 13
0.89946 0.923845 0.906868 

7 0.001 5
0.89946 0.923535 0.908749 

7 0.001 7
0.89946 0.924044 0.907693 

7 0.001 10
0.89946 0.923906 0.907004 

7 0.001 13
0.89946 0.923887 0.906816 

7 0.01 5
0.89946 0.923535 0.908749 

7 0.01 7
0.89946 0.924044 0.907693 

7 0.01 10
0.89946 0.923643 0.907242 

7 0.01 13
0.89946 0.923928 0.906066 

7 0.05 5
0.89946 0.922961 0.91223 

7 0.05 7
0.89946 0.922938 0.912835 

7 0.05 10
0.89946 0.922794 0.912305 

7 0.05 13
0.89946 0.922762 0.911269 

2 0.0005 5
0.916568 0.935165 0.925542 

2 0.0005 7
0.916568 0.935662 0.92511 

2 0.0005 10
0.916568 0.935643 0.925789 

2 0.0005 13
0.916568 0.935357 0.925771 

2 0.001 5
0.916568 0.935165 0.925542 

2 0.001 7
0.916568 0.935662 0.92511 

2 0.001 10
0.916568 0.935648 0.925735 

2 0.001 13
0.916568 0.935349 0.925622 

2 0.01 5
0.916568 0.935165 0.925542 

2 0.01 7
0.916568 0.935662 0.92511 

2 0.01 10
0.916568 0.935221 0.92493 

2 0.01 13
0.916568 0.934834 0.925244 

2 0.05 5
0.916568 0.934326 0.927333 

2 0.05 7
0.916568 0.934359 0.927498 

2 0.05 10
0.916568 0.934423 0.927278 

2 0.05 13
0.916568 0.934721 0.927695 

3 0.0005 5
0.916568 0.934994 0.925761 

3 0.0005 7
0.916568 0.935496 0.924979 

3 0.0005 10
0.916568 0.935558 0.92586 

3 0.0005 13
0.916568 0.934949 0.926002 

3 0.001 5
0.916568 0.934994 0.925761 

3 0.001 7
0.916568 0.935496 0.924979 

3 0.001 10
0.916568 0.935563 0.925805 

3 0.001 13
0.916568 0.93494 0.925849 

3 0.01 5
0.916568 0.934994 0.925761 

3 0.01 7
0.916568 0.935496 0.924979 

3 0.01 10
0.916568 0.935107 0.924959 

3 0.01 13
0.916568 0.93471 0.92533 

3 0.05 5
0.916568 0.93422 0.927494 

3 0.05 7
0.916568 0.934228 0.927744 

3 0.05 10
0.916568 0.934287 0.927581 

3 0.05 13
0.916568 0.934601 0.927972 

5 0.0005 5
0.916568 0.934503 0.925527 

5 0.0005 7
0.916568 0.935046 0.92437 

5 0.0005 10
0.916568 0.93547 0.9253 

5 0.0005 13
0.916568 0.934982 0.925731 

5 0.001 5
0.916568 0.934503 0.925527 

5 0.001 7
0.916568 0.935046 0.92437 

5 0.001 10
0.916568 0.935476 0.925368 

5 0.001 13
0.916568 0.934962 0.925436 

5 0.01 5
0.916568 0.934503 0.925527 

5 0.01 7
0.916568 0.935046 0.92437 

5 0.01 10
0.916568 0.934804 0.923025 

5 0.01 13
0.916568 0.934454 0.924127 

5 0.05 5
0.916568 0.933955 0.927519 

5 0.05 7
0.916568 0.93407 0.927703 

5 0.05 10
0.916568 0.934135 0.927536 

5 0.05 13
0.916568 0.934449 0.927824 

7 0.0005 5
0.916568 0.93467 0.924266 

7 0.0005 7
0.916568 0.934364 0.92054 

7 0.0005 10
0.916568 0.935305 0.923972 

7 0.0005 13
0.916568 0.934821 0.924733 

7 0.001 5
0.916568 0.93467 0.924266 

7 0.001 7
0.916568 0.934364 0.92054 

7 0.001 10
0.916568 0.935311 0.924061 

7 0.001 13
0.916568 0.9348 0.924038 

7 0.01 5
0.916568 0.93467 0.924266 

7 0.01 7
0.916568 0.934364 0.92054 

7 0.01 10
0.916568 0.934797 0.920197 

7 0.01 13
0.916568 0.934387 0.920712 

7 0.05 5
0.916568 0.933888 0.927141 

7 0.05 7
0.916568 0.934002 0.927036 

7 0.05 10
0.916568 0.933885 0.927451 

7 0.05 13
0.916568 0.933848 0.927267 

2 0.0005 5
0.87622 0.8917 0.884786 

2 0.0005 7
0.87622 0.891776 0.883983 

2 0.0005 10
0.87622 0.891731 0.883157 

2 0.0005 13
0.87622 0.891158 0.883033 

2 0.001 5
0.87622 0.8917 0.884786 

2 0.001 7
0.87622 0.891776 0.883983 

2 0.001 10
0.87622 0.891731 0.883157 

2 0.001 13
0.87622 0.891158 0.883033 

2 0.01 5
0.87622 0.8917 0.884786 

2 0.01 7
0.87622 0.891776 0.883983 

2 0.01 10
0.87622 0.891675 0.883138 

2 0.01 13
0.87622 0.890734 0.883152 

2 0.05 5
0.87622 0.8917 0.884786 

2 0.05 7
0.87622 0.891401 0.884277 

2 0.05 10
0.87622 0.891223 0.884507 

2 0.05 13
0.87622 0.890891 0.883444 

3 0.0005 5
0.87622 0.892004 0.884278 

3 0.0005 7
0.87622 0.892492 0.883453 

3 0.0005 10
0.87622 0.892684 0.882741 

3 0.0005 13
0.87622 0.891541 0.882746 

3 0.001 5
0.87622 0.892004 0.884278 

3 0.001 7
0.87622 0.892492 0.883453 

3 0.001 10
0.87622 0.892684 0.882741 

3 0.001 13
0.87622 0.891541 0.882746 

3 0.01 5
0.87622 0.892004 0.884278 

3 0.01 7
0.87622 0.892492 0.883453 

3 0.01 10
0.87622 0.892577 0.882923 

3 0.01 13
0.87622 0.891241 0.882963 

3 0.05 5
0.87622 0.892004 0.884278 

3 0.05 7
0.87622 0.8917 0.88353 

3 0.05 10
0.87622 0.89208 0.884157 

3 0.05 13
0.87622 0.890817 0.882929 

5 0.0005 5
0.87622 0.89288 0.884564 

5 0.0005 7
0.87622 0.893303 0.884001 

5 0.0005 10
0.87622 0.892746 0.883617 

5 0.0005 13
0.87622 0.892181 0.881956 

5 0.001 5
0.87622 0.89288 0.884564 

5 0.001 7
0.87622 0.893303 0.884001 

5 0.001 10
0.87622 0.892746 0.883617 

5 0.001 13
0.87622 0.892181 0.881956 

5 0.01 5
0.87622 0.89288 0.884564 

5 0.01 7
0.87622 0.893303 0.884001 

5 0.01 10
0.87622 0.892735 0.88358 

5 0.01 13
0.87622 0.8921 0.882743 

5 0.05 5
0.87622 0.89288 0.884564 

5 0.05 7
0.87622 0.892464 0.883785 

5 0.05 10
0.87622 0.891766 0.883934 

5 0.05 13
0.87622 0.891604 0.882527 

7 0.0005 5
0.87622 0.894405 0.883897 

7 0.0005 7
0.87622 0.893663 0.883253 

7 0.0005 10
0.87622 0.893653 0.882904 

7 0.0005 13
0.87622 0.891614 0.881982 

7 0.001 5
0.87622 0.894405 0.883897 

7 0.001 7
0.87622 0.893663 0.883253 

7 0.001 10
0.87622 0.893653 0.882904 

7 0.001 13
0.87622 0.891614 0.881982 

7 0.01 5
0.87622 0.894405 0.883897 

7 0.01 7
0.87622 0.893663 0.883253 

7 0.01 10
0.87622 0.893626 0.881917 

7 0.01 13
0.87622 0.89149 0.881298 

7 0.05 5
0.87622 0.894405 0.883897 

7 0.05 7
0.87622 0.893137 0.882537 

7 0.05 10
0.87622 0.892409 0.882166 

7 0.05 13
0.87622 0.890454 0.880563 

2 0.0005 5
0.880323 0.896578 0.892421 

2 0.0005 7
0.880323 0.896835 0.890917 

2 0.0005 10
0.880323 0.896259 0.889736 

2 0.0005 13
0.880323 0.896516 0.889287 

2 0.001 5
0.880323 0.896578 0.892421 

2 0.001 7
0.880323 0.896835 0.890917 

2 0.001 10
0.880323 0.896259 0.889736 

2 0.001 13
0.880323 0.896504 0.889218 

2 0.01 5
0.880323 0.896578 0.892421 

2 0.01 7
0.880323 0.896835 0.890917 

2 0.01 10
0.880323 0.896597 0.890558 

2 0.01 13
0.880323 0.896891 0.89037 

2 0.05 5
0.880323 0.896503 0.892017 

2 0.05 7
0.880323 0.895863 0.892183 

2 0.05 10
0.880323 0.895789 0.893077 

2 0.05 13
0.880323 0.89585 0.89266 

3 0.0005 5
0.880323 0.895394 0.892472 

3 0.0005 7
0.880323 0.895434 0.891183 

3 0.0005 10
0.880323 0.894899 0.890004 

3 0.0005 13
0.880323 0.894683 0.888884 

3 0.001 5
0.880323 0.895394 0.892472 

3 0.001 7
0.880323 0.895434 0.891183 

3 0.001 10
0.880323 0.894899 0.890004 

3 0.001 13
0.880323 0.894671 0.888786 

3 0.01 5
0.880323 0.895394 0.892472 

3 0.01 7
0.880323 0.895434 0.891183 

3 0.01 10
0.880323 0.895189 0.89087 

3 0.01 13
0.880323 0.89551 0.890535 

3 0.05 5
0.880323 0.895896 0.8919 

3 0.05 7
0.880323 0.895216 0.892012 

3 0.05 10
0.880323 0.895203 0.892626 

3 0.05 13
0.880323 0.894871 0.89237 

5 0.0005 5
0.880323 0.896136 0.892716 

5 0.0005 7
0.880323 0.896697 0.89124 

5 0.0005 10
0.880323 0.895297 0.889975 

5 0.0005 13
0.880323 0.894385 0.888799 

5 0.001 5
0.880323 0.896136 0.892716 

5 0.001 7
0.880323 0.896697 0.89124 

5 0.001 10
0.880323 0.895297 0.889975 

5 0.001 13
0.880323 0.894372 0.888078 

5 0.01 5
0.880323 0.896136 0.892716 

5 0.01 7
0.880323 0.896697 0.89124 

5 0.01 10
0.880323 0.895507 0.890029 

5 0.01 13
0.880323 0.895034 0.889266 

5 0.05 5
0.880323 0.896437 0.891844 

5 0.05 7
0.880323 0.895765 0.891623 

5 0.05 10
0.880323 0.895352 0.891922 

5 0.05 13
0.880323 0.894942 0.891854 

7 0.0005 5
0.880323 0.895286 0.891882 

7 0.0005 7
0.880323 0.89633 0.890522 

7 0.0005 10
0.880323 0.894623 0.890126 

7 0.0005 13
0.880323 0.894319 0.889534 

7 0.001 5
0.880323 0.895286 0.891882 

7 0.001 7
0.880323 0.89633 0.890522 

7 0.001 10
0.880323 0.894623 0.890126 

7 0.001 13
0.880323 0.894306 0.888854 

7 0.01 5
0.880323 0.895286 0.891882 

7 0.01 7
0.880323 0.89633 0.890522 

7 0.01 10
0.880323 0.894773 0.890179 

7 0.01 13
0.880323 0.894715 0.88979 

7 0.05 5
0.880323 0.896451 0.890687 

7 0.05 7
0.880323 0.895779 0.890386 

7 0.05 10
0.880323 0.895366 0.890681 

7 0.05 13
0.880323 0.894955 0.890218 

2 0.0005 5
0.90378 0.909091 0.906932 

2 0.0005 7
0.90378 0.907995 0.90638 

2 0.0005 10
0.90378 0.908556 0.906886 

2 0.0005 13
0.90378 0.907882 0.906577 

2 0.001 5
0.90378 0.909091 0.906932 

2 0.001 7
0.90378 0.907995 0.90638 

2 0.001 10
0.90378 0.90859 0.906662 

2 0.001 13
0.90378 0.908015 0.906573 

2 0.01 5
0.90378 0.908908 0.9069 

2 0.01 7
0.90378 0.908878 0.907015 

2 0.01 10
0.90378 0.908704 0.906858 

2 0.01 13
0.90378 0.908997 0.906913 

2 0.05 5
0.90378 0.907865 0.906972 

2 0.05 7
0.90378 0.907882 0.906675 

2 0.05 10
0.90378 0.90779 0.906685 

2 0.05 13
0.90378 0.907767 0.906737 

3 0.0005 5
0.90378 0.908908 0.907051 

3 0.0005 7
0.90378 0.907539 0.906435 

3 0.0005 10
0.90378 0.909708 0.906841 

3 0.0005 13
0.90378 0.904628 0.906226 

3 0.001 5
0.90378 0.908908 0.907051 

3 0.001 7
0.90378 0.907539 0.906435 

3 0.001 10
0.90378 0.909737 0.90659 

3 0.001 13
0.90378 0.904717 0.906055 

3 0.01 5
0.90378 0.908693 0.907089 

3 0.01 7
0.90378 0.908645 0.907194 

3 0.01 10
0.90378 0.908649 0.907085 

3 0.01 13
0.90378 0.908997 0.906944 

3 0.05 5
0.90378 0.907865 0.906972 

3 0.05 7
0.90378 0.907882 0.906675 

3 0.05 10
0.90378 0.90779 0.906685 

3 0.05 13
0.90378 0.907767 0.906737 

5 0.0005 5
0.90378 0.911438 0.906443 

5 0.0005 7
0.90378 0.910163 0.906205 

5 0.0005 10
0.90378 0.909769 0.905362 

5 0.0005 13
0.90378 0.908363 0.904725 

5 0.001 5
0.90378 0.911438 0.906443 

5 0.001 7
0.90378 0.910163 0.906205 

5 0.001 10
0.90378 0.909806 0.905026 

5 0.001 13
0.90378 0.908401 0.904168 

5 0.01 5
0.90378 0.910701 0.906409 

5 0.01 7
0.90378 0.910268 0.90668 

5 0.01 10
0.90378 0.90984 0.90662 

5 0.01 13
0.90378 0.910136 0.90627 

5 0.05 5
0.90378 0.907865 0.906972 

5 0.05 7
0.90378 0.907882 0.906675 

5 0.05 10
0.90378 0.90779 0.906685 

5 0.05 13
0.90378 0.907767 0.906737 

7 0.0005 5
0.90378 0.911971 0.906072 

7 0.0005 7
0.90378 0.911706 0.906133 

7 0.0005 10
0.90378 0.912248 0.902717 

7 0.0005 13
0.90378 0.911506 0.903951 

7 0.001 5
0.90378 0.911971 0.906072 

7 0.001 7
0.90378 0.911706 0.906133 

7 0.001 10
0.90378 0.912172 0.901561 

7 0.001 13
0.90378 0.911534 0.902827 

7 0.01 5
0.90378 0.911635 0.905861 

7 0.01 7
0.90378 0.911558 0.906438 

7 0.01 10
0.90378 0.911784 0.906822 

7 0.01 13
0.90378 0.911505 0.906623 

7 0.05 5
0.90378 0.907865 0.906972 

7 0.05 7
0.90378 0.907882 0.906675 

7 0.05 10
0.90378 0.90779 0.906685 

7 0.05 13
0.90378 0.907767 0.906737 

2 0.0005 5
0.936362 0.943142 0.939038 

2 0.0005 7
0.936362 0.943333 0.939445 

2 0.0005 10
0.936362 0.943023 0.939765 

2 0.0005 13
0.936362 0.943157 0.939685 

2 0.001 5
0.936362 0.943142 0.939038 

2 0.001 7
0.936362 0.943333 0.939445 

2 0.001 10
0.936362 0.94302 0.939754 

2 0.001 13
0.936362 0.943157 0.93969 

2 0.01 5
0.936362 0.943142 0.939038 

2 0.01 7
0.936362 0.943333 0.939445 

2 0.01 10
0.936362 0.942957 0.939451 

2 0.01 13
0.936362 0.943092 0.939529 

2 0.05 5
0.936362 0.942939 0.938626 

2 0.05 7
0.936362 0.943051 0.93865 

2 0.05 10
0.936362 0.94292 0.938684 

2 0.05 13
0.936362 0.942403 0.939004 

3 0.0005 5
0.936362 0.943128 0.938981 

3 0.0005 7
0.936362 0.943375 0.939459 

3 0.0005 10
0.936362 0.943419 0.939753 

3 0.0005 13
0.936362 0.943272 0.939672 

3 0.001 5
0.936362 0.943128 0.938981 

3 0.001 7
0.936362 0.943375 0.939459 

3 0.001 10
0.936362 0.943416 0.939715 

3 0.001 13
0.936362 0.943272 0.939676 

3 0.01 5
0.936362 0.943128 0.938981 

3 0.01 7
0.936362 0.943375 0.939459 

3 0.01 10
0.936362 0.943084 0.939456 

3 0.01 13
0.936362 0.943073 0.939425 

3 0.05 5
0.936362 0.942956 0.938715 

3 0.05 7
0.936362 0.94307 0.938762 

3 0.05 10
0.936362 0.94292 0.938684 

3 0.05 13
0.936362 0.942403 0.939004 

5 0.0005 5
0.936362 0.943356 0.93864 

5 0.0005 7
0.936362 0.943358 0.939479 

5 0.0005 10
0.936362 0.943047 0.939622 

5 0.0005 13
0.936362 0.943033 0.939637 

5 0.001 5
0.936362 0.943356 0.93864 

5 0.001 7
0.936362 0.943358 0.939479 

5 0.001 10
0.936362 0.943044 0.939625 

5 0.001 13
0.936362 0.942926 0.939606 

5 0.01 5
0.936362 0.943356 0.93864 

5 0.01 7
0.936362 0.943358 0.939479 

5 0.01 10
0.936362 0.942608 0.939542 

5 0.01 13
0.936362 0.942557 0.939223 

5 0.05 5
0.936362 0.94265 0.938706 

5 0.05 7
0.936362 0.94307 0.938762 

5 0.05 10
0.936362 0.942795 0.938711 

5 0.05 13
0.936362 0.942324 0.93886 

7 0.0005 5
0.936362 0.943611 0.938393 

7 0.0005 7
0.936362 0.943892 0.939265 

7 0.0005 10
0.936362 0.943695 0.939177 

7 0.0005 13
0.936362 0.94335 0.939692 

7 0.001 5
0.936362 0.943611 0.938393 

7 0.001 7
0.936362 0.943892 0.939265 

7 0.001 10
0.936362 0.943692 0.939162 

7 0.001 13
0.936362 0.943381 0.939678 

7 0.01 5
0.936362 0.943611 0.938393 

7 0.01 7
0.936362 0.943892 0.939265 

7 0.01 10
0.936362 0.944046 0.939042 

7 0.01 13
0.936362 0.943287 0.939356 

7 0.05 5
0.936362 0.942575 0.938221 

7 0.05 7
0.936362 0.942474 0.938203 

7 0.05 10
0.936362 0.942535 0.93823 

7 0.05 13
0.936362 0.942521 0.938761 

2 0.0005 5
0.937431 0.940913 0.939556 

2 0.0005 7
0.937431 0.941163 0.939239 

2 0.0005 10
0.937431 0.94077 0.939176 

2 0.0005 13
0.937431 0.940185 0.938979 

2 0.001 5
0.937431 0.940913 0.939556 

2 0.001 7
0.937431 0.941163 0.939239 

2 0.001 10
0.937431 0.94077 0.939176 

2 0.001 13
0.937431 0.940143 0.938937 

2 0.01 5
0.937431 0.940913 0.939556 

2 0.01 7
0.937431 0.941163 0.939239 

2 0.01 10
0.937431 0.94081 0.939191 

2 0.01 13
0.937431 0.940275 0.939214 

2 0.05 5
0.937431 0.940771 0.938759 

2 0.05 7
0.937431 0.940779 0.939531 

2 0.05 10
0.937431 0.940655 0.939528 

2 0.05 13
0.937431 0.940387 0.939602 

3 0.0005 5
0.937431 0.940898 0.939553 

3 0.0005 7
0.937431 0.941255 0.939243 

3 0.0005 10
0.937431 0.940867 0.939145 

3 0.0005 13
0.937431 0.940312 0.938919 

3 0.001 5
0.937431 0.940898 0.939553 

3 0.001 7
0.937431 0.941255 0.939243 

3 0.001 10
0.937431 0.940867 0.939145 

3 0.001 13
0.937431 0.940269 0.938883 

3 0.01 5
0.937431 0.940898 0.939553 

3 0.01 7
0.937431 0.941255 0.939243 

3 0.01 10
0.937431 0.940765 0.939213 

3 0.01 13
0.937431 0.940538 0.939252 

3 0.05 5
0.937431 0.940771 0.938759 

3 0.05 7
0.937431 0.940779 0.939531 

3 0.05 10
0.937431 0.940655 0.939528 

3 0.05 13
0.937431 0.940387 0.939602 

5 0.0005 5
0.937431 0.940734 0.939415 

5 0.0005 7
0.937431 0.940846 0.939132 

5 0.0005 10
0.937431 0.940307 0.938837 

5 0.0005 13
0.937431 0.940076 0.938799 

5 0.001 5
0.937431 0.940734 0.939415 

5 0.001 7
0.937431 0.940846 0.939132 

5 0.001 10
0.937431 0.940307 0.938837 

5 0.001 13
0.937431 0.940034 0.938764 

5 0.01 5
0.937431 0.940734 0.939415 

5 0.01 7
0.937431 0.940846 0.939132 

5 0.01 10
0.937431 0.940772 0.939053 

5 0.01 13
0.937431 0.940381 0.939026 

5 0.05 5
0.937431 0.940601 0.938212 

5 0.05 7
0.937431 0.940603 0.9386 

5 0.05 10
0.937431 0.940484 0.938094 

5 0.05 13
0.937431 0.940197 0.937783 

7 0.0005 5
0.937431 0.939785 0.939512 

7 0.0005 7
0.937431 0.941236 0.938672 

7 0.0005 10
0.937431 0.940981 0.937986 

7 0.0005 13
0.937431 0.940746 0.938388 

7 0.001 5
0.937431 0.939785 0.939512 

7 0.001 7
0.937431 0.941236 0.938672 

7 0.001 10
0.937431 0.940981 0.937986 

7 0.001 13
0.937431 0.940708 0.938297 

7 0.01 5
0.937431 0.939785 0.939512 

7 0.01 7
0.937431 0.941236 0.938672 

7 0.01 10
0.937431 0.941075 0.938462 

7 0.01 13
0.937431 0.940856 0.938364 

7 0.05 5
0.937431 0.940126 0.937306 

7 0.05 7
0.937431 0.940079 0.93761 

7 0.05 10
0.937431 0.939957 0.937194 

7 0.05 13
0.937431 0.940197 0.937783 

2 0.0005 5
0.95601 0.958078 0.956867 

2 0.0005 7
0.95601 0.958129 0.956837 

2 0.0005 10
0.95601 0.958165 0.956736 

2 0.0005 13
0.95601 0.958203 0.956732 

2 0.001 5
0.95601 0.958078 0.956867 

2 0.001 7
0.95601 0.958129 0.956837 

2 0.001 10
0.95601 0.958106 0.956751 

2 0.001 13
0.95601 0.958132 0.956683 

2 0.01 5
0.95601 0.957955 0.956835 

2 0.01 7
0.95601 0.957909 0.95689 

2 0.01 10
0.95601 0.957844 0.956924 

2 0.01 13
0.95601 0.957844 0.956841 

2 0.05 5
0.95601 0.957221 0.956618 

2 0.05 7
0.95601 0.957222 0.95664 

2 0.05 10
0.95601 0.957229 0.956657 

2 0.05 13
0.95601 0.956957 0.956771 

3 0.0005 5
0.95601 0.958078 0.956868 

3 0.0005 7
0.95601 0.958106 0.956869 

3 0.0005 10
0.95601 0.958132 0.956734 

3 0.0005 13
0.95601 0.958196 0.956708 

3 0.001 5
0.95601 0.958078 0.956868 

3 0.001 7
0.95601 0.958106 0.956869 

3 0.001 10
0.95601 0.958075 0.956738 

3 0.001 13
0.95601 0.95813 0.956668 

3 0.01 5
0.95601 0.957955 0.956835 

3 0.01 7
0.95601 0.957909 0.95689 

3 0.01 10
0.95601 0.957844 0.956924 

3 0.01 13
0.95601 0.957844 0.956841 

3 0.05 5
0.95601 0.957221 0.956618 

3 0.05 7
0.95601 0.957222 0.95664 

3 0.05 10
0.95601 0.957229 0.956657 

3 0.05 13
0.95601 0.956957 0.956771 

5 0.0005 5
0.95601 0.958062 0.956917 

5 0.0005 7
0.95601 0.958102 0.956881 

5 0.0005 10
0.95601 0.958121 0.956614 

5 0.0005 13
0.95601 0.95807 0.956576 

5 0.001 5
0.95601 0.958062 0.956917 

5 0.001 7
0.95601 0.958102 0.956881 

5 0.001 10
0.95601 0.958073 0.956588 

5 0.001 13
0.95601 0.958008 0.95666 

5 0.01 5
0.95601 0.957842 0.957002 

5 0.01 7
0.95601 0.957808 0.957031 

5 0.01 10
0.95601 0.957732 0.957049 

5 0.01 13
0.95601 0.957709 0.956954 

5 0.05 5
0.95601 0.957221 0.956618 

5 0.05 7
0.95601 0.957222 0.95664 

5 0.05 10
0.95601 0.957229 0.956657 

5 0.05 13
0.95601 0.956957 0.956771 

7 0.0005 5
0.95601 0.957868 0.956971 

7 0.0005 7
0.95601 0.957968 0.95689 

7 0.0005 10
0.95601 0.957985 0.956704 

7 0.0005 13
0.95601 0.957823 0.956603 

7 0.001 5
0.95601 0.957868 0.956971 

7 0.001 7
0.95601 0.957968 0.95689 

7 0.001 10
0.95601 0.957937 0.956669 

7 0.001 13
0.95601 0.957755 0.956644 

7 0.01 5
0.95601 0.957751 0.956919 

7 0.01 7
0.95601 0.957674 0.956944 

7 0.01 10
0.95601 0.957596 0.956958 

7 0.01 13
0.95601 0.95757 0.956834 

7 0.05 5
0.95601 0.957221 0.956618 

7 0.05 7
0.95601 0.957222 0.95664 

7 0.05 10
0.95601 0.957229 0.956657 

7 0.05 13
0.95601 0.956957 0.956771 

2 0.0005 5
0.887134 0.908731 0.904059 

2 0.0005 7
0.887134 0.908401 0.903612 

2 0.0005 10
0.887134 0.909121 0.90272 

2 0.0005 13
0.887134 0.90744 0.902913 

2 0.001 5
0.887134 0.908731 0.904059 

2 0.001 7
0.887134 0.908401 0.903612 

2 0.001 10
0.887134 0.909121 0.90272 

2 0.001 13
0.887134 0.90744 0.902913 

2 0.01 5
0.887134 0.908731 0.904059 

2 0.01 7
0.887134 0.908401 0.903612 

2 0.01 10
0.887134 0.909009 0.903269 

2 0.01 13
0.887134 0.908088 0.903152 

2 0.05 5
0.887134 0.909137 0.904192 

2 0.05 7
0.887134 0.909057 0.90424 

2 0.05 10
0.887134 0.909039 0.904273 

2 0.05 13
0.887134 0.90898 0.903854 

3 0.0005 5
0.887134 0.908969 0.903953 

3 0.0005 7
0.887134 0.908257 0.903511 

3 0.0005 10
0.887134 0.909021 0.902827 

3 0.0005 13
0.887134 0.908223 0.902553 

3 0.001 5
0.887134 0.908969 0.903953 

3 0.001 7
0.887134 0.908257 0.903511 

3 0.001 10
0.887134 0.909021 0.902827 

3 0.001 13
0.887134 0.908225 0.902628 

3 0.01 5
0.887134 0.908969 0.903953 

3 0.01 7
0.887134 0.908257 0.903511 

3 0.01 10
0.887134 0.909058 0.903159 

3 0.01 13
0.887134 0.908304 0.903002 

3 0.05 5
0.887134 0.908748 0.904076 

3 0.05 7
0.887134 0.908724 0.904043 

3 0.05 10
0.887134 0.908869 0.904254 

3 0.05 13
0.887134 0.908776 0.903854 

5 0.0005 5
0.887134 0.907201 0.903816 

5 0.0005 7
0.887134 0.907679 0.903108 

5 0.0005 10
0.887134 0.907664 0.901693 

5 0.0005 13
0.887134 0.906923 0.901293 

5 0.001 5
0.887134 0.907201 0.903816 

5 0.001 7
0.887134 0.907679 0.903108 

5 0.001 10
0.887134 0.907664 0.901693 

5 0.001 13
0.887134 0.906923 0.901512 

5 0.01 5
0.887134 0.907201 0.903816 

5 0.01 7
0.887134 0.907679 0.903108 

5 0.01 10
0.887134 0.907529 0.902551 

5 0.01 13
0.887134 0.906841 0.902721 

5 0.05 5
0.887134 0.907073 0.90389 

5 0.05 7
0.887134 0.90794 0.903999 

5 0.05 10
0.887134 0.908469 0.903606 

5 0.05 13
0.887134 0.908745 0.903679 

7 0.0005 5
0.887134 0.906569 0.902088 

7 0.0005 7
0.887134 0.906727 0.901461 

7 0.0005 10
0.887134 0.906412 0.901077 

7 0.0005 13
0.887134 0.906263 0.90022 

7 0.001 5
0.887134 0.906569 0.902088 

7 0.001 7
0.887134 0.906727 0.901461 

7 0.001 10
0.887134 0.906412 0.901077 

7 0.001 13
0.887134 0.906268 0.901017 

7 0.01 5
0.887134 0.906569 0.902088 

7 0.01 7
0.887134 0.906727 0.901461 

7 0.01 10
0.887134 0.906394 0.901546 

7 0.01 13
0.887134 0.906518 0.901921 

7 0.05 5
0.887134 0.906907 0.902394 

7 0.05 7
0.887134 0.907348 0.902058 

7 0.05 10
0.887134 0.908413 0.902461 

7 0.05 13
0.887134 0.908708 0.903181 

2 0.0005 5
0.888504 0.915614 0.909519 

2 0.0005 7
0.888504 0.915561 0.909166 

2 0.0005 10
0.888504 0.915951 0.908356 

2 0.0005 13
0.888504 0.915489 0.908125 

2 0.001 5
0.888504 0.915614 0.909519 

2 0.001 7
0.888504 0.915561 0.909166 

2 0.001 10
0.888504 0.915951 0.908356 

2 0.001 13
0.888504 0.915489 0.908125 

2 0.01 5
0.888504 0.915614 0.909519 

2 0.01 7
0.888504 0.915561 0.909166 

2 0.01 10
0.888504 0.915933 0.909224 

2 0.01 13
0.888504 0.915352 0.909128 

2 0.05 5
0.888504 0.915177 0.909611 

2 0.05 7
0.888504 0.915082 0.909081 

2 0.05 10
0.888504 0.914809 0.909162 

2 0.05 13
0.888504 0.914437 0.909072 

3 0.0005 5
0.888504 0.915502 0.909392 

3 0.0005 7
0.888504 0.915606 0.909096 

3 0.0005 10
0.888504 0.916104 0.908062 

3 0.0005 13
0.888504 0.915696 0.907801 

3 0.001 5
0.888504 0.915502 0.909392 

3 0.001 7
0.888504 0.915606 0.909096 

3 0.001 10
0.888504 0.916104 0.908062 

3 0.001 13
0.888504 0.915696 0.907801 

3 0.01 5
0.888504 0.915502 0.909392 

3 0.01 7
0.888504 0.915606 0.909096 

3 0.01 10
0.888504 0.9161 0.909115 

3 0.01 13
0.888504 0.915528 0.909085 

3 0.05 5
0.888504 0.91524 0.909485 

3 0.05 7
0.888504 0.914946 0.909072 

3 0.05 10
0.888504 0.915124 0.909084 

3 0.05 13
0.888504 0.914556 0.909227 

5 0.0005 5
0.888504 0.915461 0.909362 

5 0.0005 7
0.888504 0.915573 0.908905 

5 0.0005 10
0.888504 0.915575 0.907575 

5 0.0005 13
0.888504 0.91561 0.906889 

5 0.001 5
0.888504 0.915461 0.909362 

5 0.001 7
0.888504 0.915573 0.908905 

5 0.001 10
0.888504 0.915575 0.907575 

5 0.001 13
0.888504 0.91561 0.906889 

5 0.01 5
0.888504 0.915461 0.909362 

5 0.01 7
0.888504 0.915573 0.908905 

5 0.01 10
0.888504 0.915668 0.908436 

5 0.01 13
0.888504 0.915519 0.908775 

5 0.05 5
0.888504 0.915234 0.909359 

5 0.05 7
0.888504 0.914865 0.909001 

5 0.05 10
0.888504 0.915039 0.908829 

5 0.05 13
0.888504 0.914496 0.908874 

7 0.0005 5
0.888504 0.913841 0.908413 

7 0.0005 7
0.888504 0.914255 0.907868 

7 0.0005 10
0.888504 0.914655 0.906534 

7 0.0005 13
0.888504 0.914434 0.905193 

7 0.001 5
0.888504 0.913841 0.908413 

7 0.001 7
0.888504 0.914255 0.907868 

7 0.001 10
0.888504 0.914655 0.906534 

7 0.001 13
0.888504 0.914434 0.905193 

7 0.01 5
0.888504 0.913841 0.908413 

7 0.01 7
0.888504 0.914255 0.907868 

7 0.01 10
0.888504 0.914751 0.907195 

7 0.01 13
0.888504 0.914404 0.907804 

7 0.05 5
0.888504 0.914047 0.90888 

7 0.05 7
0.888504 0.914664 0.908789 

7 0.05 10
0.888504 0.914807 0.908792 

7 0.05 13
0.888504 0.913908 0.908229 

2 0.0005 5
0.856071 0.892082 0.888551 

2 0.0005 7
0.856071 0.891416 0.887528 

2 0.0005 10
0.856071 0.893333 0.886114 

2 0.0005 13
0.856071 0.892082 0.884138 

2 0.001 5
0.856071 0.892082 0.888551 

2 0.001 7
0.856071 0.891416 0.887528 

2 0.001 10
0.856071 0.893333 0.886114 

2 0.001 13
0.856071 0.892082 0.884138 

2 0.01 5
0.856071 0.892082 0.888551 

2 0.01 7
0.856071 0.891416 0.887528 

2 0.01 10
0.856071 0.893168 0.88754 

2 0.01 13
0.856071 0.892244 0.8874 

2 0.05 5
0.856071 0.892121 0.888926 

2 0.05 7
0.856071 0.891363 0.888528 

2 0.05 10
0.856071 0.891089 0.88832 

2 0.05 13
0.856071 0.890938 0.888422 

3 0.0005 5
0.856071 0.892789 0.888536 

3 0.0005 7
0.856071 0.891437 0.887456 

3 0.0005 10
0.856071 0.893204 0.88585 

3 0.0005 13
0.856071 0.892036 0.884338 

3 0.001 5
0.856071 0.892789 0.888536 

3 0.001 7
0.856071 0.891437 0.887456 

3 0.001 10
0.856071 0.893204 0.88585 

3 0.001 13
0.856071 0.892036 0.884338 

3 0.01 5
0.856071 0.892789 0.888536 

3 0.01 7
0.856071 0.891437 0.887456 

3 0.01 10
0.856071 0.893 0.887472 

3 0.01 13
0.856071 0.892385 0.887336 

3 0.05 5
0.856071 0.892134 0.888937 

3 0.05 7
0.856071 0.891363 0.888528 

3 0.05 10
0.856071 0.891089 0.88832 

3 0.05 13
0.856071 0.890955 0.888407 

5 0.0005 5
0.856071 0.892283 0.888476 

5 0.0005 7
0.856071 0.892976 0.887255 

5 0.0005 10
0.856071 0.893072 0.884603 

5 0.0005 13
0.856071 0.891633 0.881816 

5 0.001 5
0.856071 0.892283 0.888476 

5 0.001 7
0.856071 0.892976 0.887255 

5 0.001 10
0.856071 0.893072 0.884603 

5 0.001 13
0.856071 0.891633 0.881816 

5 0.01 5
0.856071 0.892283 0.888476 

5 0.01 7
0.856071 0.892976 0.887255 

5 0.01 10
0.856071 0.89289 0.887415 

5 0.01 13
0.856071 0.891679 0.886812 

5 0.05 5
0.856071 0.89207 0.888948 

5 0.05 7
0.856071 0.891555 0.888603 

5 0.05 10
0.856071 0.890785 0.888708 

5 0.05 13
0.856071 0.890571 0.888504 

7 0.0005 5
0.856071 0.893082 0.887481 

7 0.0005 7
0.856071 0.893157 0.886933 

7 0.0005 10
0.856071 0.893605 0.884214 

7 0.0005 13
0.856071 0.890505 0.881606 

7 0.001 5
0.856071 0.893082 0.887481 

7 0.001 7
0.856071 0.893157 0.886933 

7 0.001 10
0.856071 0.893605 0.884214 

7 0.001 13
0.856071 0.890505 0.881606 

7 0.01 5
0.856071 0.893082 0.887481 

7 0.01 7
0.856071 0.893157 0.886933 

7 0.01 10
0.856071 0.893385 0.887049 

7 0.01 13
0.856071 0.890713 0.886234 

7 0.05 5
0.856071 0.89343 0.88808 

7 0.05 7
0.856071 0.892397 0.887988 

7 0.05 10
0.856071 0.891886 0.888356 

7 0.05 13
0.856071 0.89052 0.887746 

2 0.0005 5
0.848698 0.894947 0.880933 

2 0.0005 7
0.848698 0.895365 0.878593 

2 0.0005 10
0.848698 0.895089 0.88009 

2 0.0005 13
0.848698 0.894748 0.878228 

2 0.001 5
0.848698 0.894947 0.880933 

2 0.001 7
0.848698 0.895365 0.878593 

2 0.001 10
0.848698 0.895089 0.88009 

2 0.001 13
0.848698 0.894743 0.878657 

2 0.01 5
0.848698 0.894947 0.880933 

2 0.01 7
0.848698 0.895365 0.878593 

2 0.01 10
0.848698 0.895021 0.878044 

2 0.01 13
0.848698 0.895043 0.87879 

2 0.05 5
0.848698 0.89553 0.882825 

2 0.05 7
0.848698 0.895478 0.88298 

2 0.05 10
0.848698 0.895438 0.883278 

2 0.05 13
0.848698 0.895114 0.878942 

3 0.0005 5
0.848698 0.894947 0.88109 

3 0.0005 7
0.848698 0.895541 0.878706 

3 0.0005 10
0.848698 0.895943 0.881209 

3 0.0005 13
0.848698 0.895193 0.879122 

3 0.001 5
0.848698 0.894947 0.88109 

3 0.001 7
0.848698 0.895541 0.878706 

3 0.001 10
0.848698 0.895943 0.881209 

3 0.001 13
0.848698 0.895102 0.879606 

3 0.01 5
0.848698 0.894947 0.88109 

3 0.01 7
0.848698 0.895541 0.878706 

3 0.01 10
0.848698 0.894982 0.87933 

3 0.01 13
0.848698 0.895126 0.88048 

3 0.05 5
0.848698 0.895512 0.883172 

3 0.05 7
0.848698 0.895496 0.883316 

3 0.05 10
0.848698 0.895453 0.883668 

3 0.05 13
0.848698 0.895114 0.878942 

5 0.0005 5
0.848698 0.895955 0.880996 

5 0.0005 7
0.848698 0.895264 0.878875 

5 0.0005 10
0.848698 0.896657 0.879706 

5 0.0005 13
0.848698 0.895864 0.875274 

5 0.001 5
0.848698 0.895955 0.880996 

5 0.001 7
0.848698 0.895264 0.878875 

5 0.001 10
0.848698 0.896657 0.879706 

5 0.001 13
0.848698 0.895844 0.876315 

5 0.01 5
0.848698 0.895955 0.880996 

5 0.01 7
0.848698 0.895264 0.878875 

5 0.01 10
0.848698 0.895154 0.879916 

5 0.01 13
0.848698 0.895314 0.880358 

5 0.05 5
0.848698 0.896358 0.880712 

5 0.05 7
0.848698 0.895721 0.881439 

5 0.05 10
0.848698 0.895699 0.881996 

5 0.05 13
0.848698 0.89401 0.87627 

7 0.0005 5
0.848698 0.896683 0.879955 

7 0.0005 7
0.848698 0.89629 0.877893 

7 0.0005 10
0.848698 0.896605 0.878192 

7 0.0005 13
0.848698 0.895872 0.874596 

7 0.001 5
0.848698 0.896683 0.879955 

7 0.001 7
0.848698 0.89629 0.877893 

7 0.001 10
0.848698 0.896605 0.878192 

7 0.001 13
0.848698 0.89585 0.87557 

7 0.01 5
0.848698 0.896683 0.879955 

7 0.01 7
0.848698 0.89629 0.877893 

7 0.01 10
0.848698 0.895506 0.878988 

7 0.01 13
0.848698 0.89455 0.878488 

7 0.05 5
0.848698 0.89656 0.879685 

7 0.05 7
0.848698 0.895796 0.880354 

7 0.05 10
0.848698 0.895662 0.88161 

7 0.05 13
0.848698 0.893923 0.875648 

2 0.0005 5
0.896819 0.906852 0.905747 

2 0.0005 7
0.896819 0.906493 0.904657 

2 0.0005 10
0.896819 0.906733 0.905127 

2 0.0005 13
0.896819 0.906261 0.904364 

2 0.001 5
0.896819 0.906852 0.905747 

2 0.001 7
0.896819 0.906493 0.904657 

2 0.001 10
0.896819 0.906733 0.905127 

2 0.001 13
0.896819 0.90626 0.904269 

2 0.01 5
0.896819 0.906852 0.905747 

2 0.01 7
0.896819 0.906493 0.904657 

2 0.01 10
0.896819 0.906527 0.904468 

2 0.01 13
0.896819 0.90612 0.904505 

2 0.05 5
0.896819 0.906603 0.905838 

2 0.05 7
0.896819 0.906324 0.905399 

2 0.05 10
0.896819 0.906369 0.905298 

2 0.05 13
0.896819 0.90618 0.904523 

3 0.0005 5
0.896819 0.906807 0.905663 

3 0.0005 7
0.896819 0.906704 0.904724 

3 0.0005 10
0.896819 0.906937 0.905094 

3 0.0005 13
0.896819 0.90633 0.903606 

3 0.001 5
0.896819 0.906807 0.905663 

3 0.001 7
0.896819 0.906704 0.904724 

3 0.001 10
0.896819 0.906937 0.905094 

3 0.001 13
0.896819 0.90633 0.90347 

3 0.01 5
0.896819 0.906807 0.905663 

3 0.01 7
0.896819 0.906704 0.904724 

3 0.01 10
0.896819 0.906407 0.904518 

3 0.01 13
0.896819 0.906215 0.904007 

3 0.05 5
0.896819 0.906569 0.905777 

3 0.05 7
0.896819 0.906307 0.905314 

3 0.05 10
0.896819 0.906328 0.905177 

3 0.05 13
0.896819 0.90624 0.90412 

5 0.0005 5
0.896819 0.90733 0.90485 

5 0.0005 7
0.896819 0.907104 0.904453 

5 0.0005 10
0.896819 0.907281 0.905064 

5 0.0005 13
0.896819 0.906624 0.902979 

5 0.001 5
0.896819 0.90733 0.90485 

5 0.001 7
0.896819 0.907104 0.904453 

5 0.001 10
0.896819 0.907281 0.905064 

5 0.001 13
0.896819 0.906624 0.9028 

5 0.01 5
0.896819 0.90733 0.90485 

5 0.01 7
0.896819 0.907104 0.904453 

5 0.01 10
0.896819 0.907235 0.90452 

5 0.01 13
0.896819 0.906399 0.903241 

5 0.05 5
0.896819 0.907179 0.905209 

5 0.05 7
0.896819 0.906852 0.905534 

5 0.05 10
0.896819 0.907114 0.905099 

5 0.05 13
0.896819 0.906032 0.904156 

7 0.0005 5
0.896819 0.907239 0.90368 

7 0.0005 7
0.896819 0.906365 0.903698 

7 0.0005 10
0.896819 0.906716 0.90456 

7 0.0005 13
0.896819 0.905459 0.903154 

7 0.001 5
0.896819 0.907239 0.90368 

7 0.001 7
0.896819 0.906365 0.903698 

7 0.001 10
0.896819 0.906716 0.90456 

7 0.001 13
0.896819 0.905459 0.903027 

7 0.01 5
0.896819 0.907239 0.90368 

7 0.01 7
0.896819 0.906365 0.903698 

7 0.01 10
0.896819 0.906672 0.903414 

7 0.01 13
0.896819 0.905372 0.902899 

7 0.05 5
0.896819 0.907159 0.904158 

7 0.05 7
0.896819 0.905603 0.904743 

7 0.05 10
0.896819 0.906216 0.903001 

7 0.05 13
0.896819 0.905111 0.900273 

2 0.0005 5
0.882156 0.898737 0.894136 

2 0.0005 7
0.882156 0.89962 0.893781 

2 0.0005 10
0.882156 0.899315 0.893534 

2 0.0005 13
0.882156 0.898825 0.893616 

2 0.001 5
0.882156 0.898737 0.894136 

2 0.001 7
0.882156 0.89962 0.893781 

2 0.001 10
0.882156 0.899315 0.893534 

2 0.001 13
0.882156 0.898856 0.893778 

2 0.01 5
0.882156 0.898737 0.894136 

2 0.01 7
0.882156 0.89962 0.893781 

2 0.01 10
0.882156 0.899288 0.893351 

2 0.01 13
0.882156 0.899416 0.893855 

2 0.05 5
0.882156 0.898694 0.895044 

2 0.05 7
0.882156 0.898795 0.894619 

2 0.05 10
0.882156 0.898011 0.89451 

2 0.05 13
0.882156 0.897769 0.894915 

3 0.0005 5
0.882156 0.898717 0.893942 

3 0.0005 7
0.882156 0.899682 0.893622 

3 0.0005 10
0.882156 0.899556 0.8933 

3 0.0005 13
0.882156 0.898719 0.894057 

3 0.001 5
0.882156 0.898717 0.893942 

3 0.001 7
0.882156 0.899682 0.893622 

3 0.001 10
0.882156 0.899556 0.8933 

3 0.001 13
0.882156 0.898756 0.893979 

3 0.01 5
0.882156 0.898717 0.893942 

3 0.01 7
0.882156 0.899682 0.893622 

3 0.01 10
0.882156 0.89944 0.893048 

3 0.01 13
0.882156 0.899308 0.893792 

3 0.05 5
0.882156 0.898694 0.895044 

3 0.05 7
0.882156 0.898795 0.894619 

3 0.05 10
0.882156 0.898011 0.89451 

3 0.05 13
0.882156 0.897769 0.894915 

5 0.0005 5
0.882156 0.900129 0.893852 

5 0.0005 7
0.882156 0.899802 0.892866 

5 0.0005 10
0.882156 0.895762 0.892711 

5 0.0005 13
0.882156 0.899314 0.893585 

5 0.001 5
0.882156 0.900129 0.893852 

5 0.001 7
0.882156 0.899802 0.892866 

5 0.001 10
0.882156 0.895762 0.892711 

5 0.001 13
0.882156 0.899247 0.893941 

5 0.01 5
0.882156 0.900129 0.893852 

5 0.01 7
0.882156 0.899802 0.892866 

5 0.01 10
0.882156 0.896055 0.89326 

5 0.01 13
0.882156 0.899532 0.893486 

5 0.05 5
0.882156 0.897377 0.894048 

5 0.05 7
0.882156 0.897555 0.893481 

5 0.05 10
0.882156 0.897188 0.893299 

5 0.05 13
0.882156 0.89654 0.893477 

7 0.0005 5
0.882156 0.899791 0.892742 

7 0.0005 7
0.882156 0.899591 0.892048 

7 0.0005 10
0.882156 0.897905 0.891843 

7 0.0005 13
0.882156 0.898479 0.890985 

7 0.001 5
0.882156 0.899791 0.892742 

7 0.001 7
0.882156 0.899591 0.892048 

7 0.001 10
0.882156 0.897905 0.891843 

7 0.001 13
0.882156 0.89846 0.892146 

7 0.01 5
0.882156 0.899791 0.892742 

7 0.01 7
0.882156 0.899591 0.892048 

7 0.01 10
0.882156 0.897246 0.892308 

7 0.01 13
0.882156 0.898797 0.892486 

7 0.05 5
0.882156 0.896924 0.893197 

7 0.05 7
0.882156 0.897085 0.892275 

7 0.05 10
0.882156 0.896542 0.891736 

7 0.05 13
0.882156 0.89612 0.891977 

2 0.0005 5
0.884489 0.889744 0.890201 

2 0.0005 7
0.884489 0.888049 0.889651 

2 0.0005 10
0.884489 0.889323 0.889543 

2 0.0005 13
0.884489 0.890162 0.889612 

2 0.001 5
0.884489 0.889744 0.890201 

2 0.001 7
0.884489 0.888049 0.889651 

2 0.001 10
0.884489 0.889323 0.889543 

2 0.001 13
0.884489 0.890162 0.889612 

2 0.01 5
0.884489 0.889744 0.890201 

2 0.01 7
0.884489 0.888049 0.889651 

2 0.01 10
0.884489 0.889167 0.889953 

2 0.01 13
0.884489 0.890226 0.889924 

2 0.05 5
0.884489 0.888869 0.890114 

2 0.05 7
0.884489 0.888742 0.89028 

2 0.05 10
0.884489 0.889349 0.890216 

2 0.05 13
0.884489 0.890382 0.890777 

3 0.0005 5
0.884489 0.888397 0.890078 

3 0.0005 7
0.884489 0.887492 0.889572 

3 0.0005 10
0.884489 0.889087 0.889572 

3 0.0005 13
0.884489 0.889046 0.88946 

3 0.001 5
0.884489 0.888397 0.890078 

3 0.001 7
0.884489 0.887492 0.889572 

3 0.001 10
0.884489 0.889087 0.889572 

3 0.001 13
0.884489 0.889046 0.88946 

3 0.01 5
0.884489 0.888397 0.890078 

3 0.01 7
0.884489 0.887492 0.889572 

3 0.01 10
0.884489 0.888973 0.889875 

3 0.01 13
0.884489 0.889073 0.889645 

3 0.05 5
0.884489 0.88805 0.889523 

3 0.05 7
0.884489 0.888077 0.889965 

3 0.05 10
0.884489 0.888896 0.890094 

3 0.05 13
0.884489 0.888863 0.890839 

5 0.0005 5
0.884489 0.888482 0.888677 

5 0.0005 7
0.884489 0.887185 0.889215 

5 0.0005 10
0.884489 0.88901 0.889064 

5 0.0005 13
0.884489 0.888672 0.889079 

5 0.001 5
0.884489 0.888482 0.888677 

5 0.001 7
0.884489 0.887185 0.889215 

5 0.001 10
0.884489 0.88901 0.889064 

5 0.001 13
0.884489 0.888672 0.889079 

5 0.01 5
0.884489 0.888482 0.888677 

5 0.01 7
0.884489 0.887185 0.889215 

5 0.01 10
0.884489 0.888845 0.889654 

5 0.01 13
0.884489 0.888697 0.889258 

5 0.05 5
0.884489 0.888379 0.889333 

5 0.05 7
0.884489 0.888311 0.889835 

5 0.05 10
0.884489 0.889034 0.889973 

5 0.05 13
0.884489 0.889158 0.890175 

7 0.0005 5
0.884489 0.888351 0.887524 

7 0.0005 7
0.884489 0.887123 0.888889 

7 0.0005 10
0.884489 0.887371 0.888817 

7 0.0005 13
0.884489 0.887888 0.888595 

7 0.001 5
0.884489 0.888351 0.887524 

7 0.001 7
0.884489 0.887123 0.888889 

7 0.001 10
0.884489 0.887371 0.888817 

7 0.001 13
0.884489 0.887888 0.888595 

7 0.01 5
0.884489 0.888351 0.887524 

7 0.01 7
0.884489 0.887123 0.888889 

7 0.01 10
0.884489 0.887249 0.889351 

7 0.01 13
0.884489 0.887834 0.888837 

7 0.05 5
0.884489 0.887002 0.888204 

7 0.05 7
0.884489 0.886146 0.887288 

7 0.05 10
0.884489 0.886553 0.886868 

7 0.05 13
0.884489 0.886993 0.886167 

2 0.0005 5
0.897381 0.907517 0.901891 

2 0.0005 7
0.897381 0.907516 0.901872 

2 0.0005 10
0.897381 0.907347 0.903383 

2 0.0005 13
0.897381 0.907525 0.903463 

2 0.001 5
0.897381 0.907517 0.901891 

2 0.001 7
0.897381 0.907516 0.901872 

2 0.001 10
0.897381 0.90735 0.903386 

2 0.001 13
0.897381 0.907555 0.903459 

2 0.01 5
0.897381 0.907517 0.901891 

2 0.01 7
0.897381 0.907516 0.901872 

2 0.01 10
0.897381 0.907368 0.902329 

2 0.01 13
0.897381 0.907684 0.90256 

2 0.05 5
0.897381 0.90696 0.904528 

2 0.05 7
0.897381 0.907642 0.904048 

2 0.05 10
0.897381 0.907345 0.903385 

2 0.05 13
0.897381 0.907548 0.902707 

3 0.0005 5
0.897381 0.907138 0.902129 

3 0.0005 7
0.897381 0.907257 0.902066 

3 0.0005 10
0.897381 0.907207 0.903258 

3 0.0005 13
0.897381 0.907085 0.903283 

3 0.001 5
0.897381 0.907138 0.902129 

3 0.001 7
0.897381 0.907257 0.902066 

3 0.001 10
0.897381 0.90721 0.903257 

3 0.001 13
0.897381 0.907115 0.903278 

3 0.01 5
0.897381 0.907138 0.902129 

3 0.01 7
0.897381 0.907257 0.902066 

3 0.01 10
0.897381 0.907118 0.902267 

3 0.01 13
0.897381 0.90722 0.902812 

3 0.05 5
0.897381 0.906861 0.904392 

3 0.05 7
0.897381 0.907575 0.903848 

3 0.05 10
0.897381 0.907369 0.903179 

3 0.05 13
0.897381 0.907436 0.902388 

5 0.0005 5
0.897381 0.906444 0.900919 

5 0.0005 7
0.897381 0.905275 0.900483 

5 0.0005 10
0.897381 0.906487 0.902706 

5 0.0005 13
0.897381 0.905672 0.901832 

5 0.001 5
0.897381 0.906444 0.900919 

5 0.001 7
0.897381 0.905275 0.900483 

5 0.001 10
0.897381 0.90649 0.902707 

5 0.001 13
0.897381 0.905701 0.901767 

5 0.01 5
0.897381 0.906444 0.900919 

5 0.01 7
0.897381 0.905275 0.900483 

5 0.01 10
0.897381 0.906325 0.899966 

5 0.01 13
0.897381 0.906008 0.900079 

5 0.05 5
0.897381 0.905898 0.903071 

5 0.05 7
0.897381 0.906416 0.902147 

5 0.05 10
0.897381 0.906173 0.901816 

5 0.05 13
0.897381 0.906043 0.901104 

7 0.0005 5
0.897381 0.905756 0.899322 

7 0.0005 7
0.897381 0.904605 0.898299 

7 0.0005 10
0.897381 0.905059 0.901027 

7 0.0005 13
0.897381 0.90337 0.898239 

7 0.001 5
0.897381 0.905756 0.899322 

7 0.001 7
0.897381 0.904605 0.898299 

7 0.001 10
0.897381 0.905062 0.901017 

7 0.001 13
0.897381 0.903409 0.900006 

7 0.01 5
0.897381 0.905756 0.899322 

7 0.01 7
0.897381 0.904605 0.898299 

7 0.01 10
0.897381 0.904893 0.896945 

7 0.01 13
0.897381 0.904578 0.898189 

7 0.05 5
0.897381 0.90449 0.902922 

7 0.05 7
0.897381 0.904273 0.901598 

7 0.05 10
0.897381 0.906173 0.901816 

7 0.05 13
0.897381 0.906043 0.901104 
